0,895309523809524	0,924166666666667	0,8955
0,695307142857143	0,742308333333333	0,7045
0,921078571428571	0,951458333333333	0,9185


0,866613756613757	0,861052406147644	0,882124779541446	0,866613756613757
0,194325396825397	0,15706649580713	0,155658425137722	0,194325396825397
0,880899470899471	0,877373607579957	0,897195987654321	0,880899470899471


0,699183265470819	0,688193640106725	0,710929531960542	0,699183265470819
0,164401342577308	0,092231391024602	0,110385237259035	0,164401342577308
0,709944976339826	0,700397750538346	0,721944729117734	0,709944976339826
